% x, experiment value
-0.772 -0.201
-3.064 14.051
-0.512 -0.040
-0.499 -0.085
1.933 13.979
-3.921 15.691
-1.724 1.931
-0.946 -0.057
0.627 3.872
4.513 56.453
0.049 1.277
4.574 44.637
-4.174 37.550
-1.720 0.860
-2.311 5.097
3.266 37.423
-4.379 41.451
3.672 42.922
-1.028 0.334
-4.870 41.380
0.007 1.058
-3.252 9.763
1.083 6.455
-4.898 20.997
4.880 63.461
-1.509 0.294
0.080 1.437
4.492 59.492
-4.920 47.044
3.655 37.529
4.474 60.774
-0.875 -0.077
-1.921 1.540
2.409 21.324
0.768 4.393
-0.590 -0.094
-1.632 1.446
4.972 67.728
1.577 10.219
-0.440 0.057
-4.926 47.584
1.794 13.159
0.667 3.867
1.361 8.995
0.701 4.095
-1.954 4.183
-3.762 15.913
-4.412 22.785
-1.149 0.272
0.524 2.999
2.796 25.289
-0.309 0.192
-1.822 2.818
-4.142 13.782
-4.397 20.371
-3.778 17.353
4.552 51.983
-2.409 4.819
-2.205 5.500
-0.421 0.001
-4.079 23.953
-0.791 -0.049
3.714 35.008
1.050 6.002
-3.580 25.935
-1.472 0.861
1.895 14.912
-4.065 21.956
1.843 13.294
-0.141 0.578
1.218 7.928
3.427 31.041
-2.589 6.273
1.898 14.135
-0.451 -0.043
0.542 3.146
-1.966 3.524
3.288 33.954
-0.513 -0.158
-3.423 17.026
3.941 47.928
-4.674 25.348
3.359 36.969
-0.149 0.747
0.581 3.464
3.180 26.236
-0.034 0.870
4.024 45.820
-1.283 0.532
-0.581 -0.015
-0.258 0.461
-0.990 -0.189
-4.123 22.731
2.395 18.790
-3.698 16.728
-3.466 10.864
4.705 71.664
3.279 36.948
3.964 37.312
4.293 41.632
